set1_score: 0.929692969297
set2_score: 0.996666666667
set3_score: 0.950295029503
Duration: 0
